{
    "M-STFT": 1.1419245269563463,
    "log2f0_mean": 0.16598119455312405,
    "FAD": 0.5688181666613907
}