{
    "M-STFT": 1.6272766640582406,
    "log2f0_mean": 0.1957524727871559,
    "FAD": 7.021991454564555
}