{
    "M-STFT": 1.5826854760083147,
    "log2f0_mean": 0.6424404588107813,
    "FAD": 2.078193136030144
}