{
    "M-STFT": 0.9681776088837999,
    "log2f0_mean": 0.15834969453515468,
    "FAD": 0.7981933686483309
}