{
    "M-STFT": 1.2749252450732758,
    "log2f0_mean": 0.19682678421789648,
    "FAD": 0.2613098691255189
}